filename=: 1.jpg, vehicle number=: 30 
x-pos          , y-pos          , x-pos          , y-pos        
242.506531, 128.6770, 223.5225, 163.8851
299.626495, 140.0158, 282.0916, 175.9675
440.566986, 204.9519, 425.7987, 242.1258
603.949951, 214.9454, 623.8090, 177.5636
852.772705, 75.93181, 822.3999, 61.91363
825.017212, 19.32649, 862.9869, 31.90828
939.218140, 94.62272, 914.6863, 82.94090
1088.74536, 2.336364, 1054.868, 15.18636
1137.80908, 22.19545, 1100.427, 36.21363
67.754539 , 313.0727, 84.10908, 279.1954
240.163177, 284.4508, 225.3949, 321.6247
255.915375, 246.7580, 244.1499, 273.3545
333.222260, 467.3276, 319.5414, 504.9153
471.945435, 502.3181, 485.9636, 473.1136
489.468170, 468.4408, 502.5752, 437.8103
734.786316, 311.9045, 766.3272, 327.0909
864.454529, 363.3045, 902.6414, 379.9267
910.013611, 412.3681, 946.7803, 427.7272
984.777222, 419.3772, 1012.813, 429.8909
1075.89538, 511.6636, 1092.250, 477.7863
1095.75451, 477.7863, 1114.445, 446.2454
1098.09082, 516.3363, 1113.277, 490.6363
254.361206, 573.6115, 218.7209, 555.4518
363.304535, 561.8954, 329.4272, 547.8772
458.953979, 768.6962, 471.5357, 730.7266
679.881775, 727.7772, 642.6196, 710.3870
682.218140, 699.7409, 652.5768, 683.6331
741.795410, 756.9818, 706.7721, 739.7406
838.754517, 723.1044, 811.8863, 706.7500
1161.17272, 550.2136, 1145.986, 581.7545


filename=: 2.jpg, vehicle number=: 30 
x-pos          , y-pos          , x-pos          , y-pos        
2.336364  , 116.8181, 28.03636, 126.1636
404.744598, 45.61388, 441.5647, 29.98463
460.081573, 43.20270, 483.4042, 10.70579
639.828064, 224.8544, 603.9499, 209.1045
753.477234, 251.1590, 719.5999, 231.2999
802.775635, 123.2819, 787.3544, 157.7045
895.029846, 158.5012, 880.6951, 195.8444
961.550049, 243.7875, 949.6328, 205.6040
1073.55908, 73.59545, 1109.772, 89.94999
1096.92272, 42.05454, 1126.127, 59.57727
49.063633 , 419.3772, 9.345454, 405.3590
434.563629, 413.5363, 417.0408, 448.5817
448.581787, 372.6499, 432.6054, 408.3186
594.604553, 383.1636, 628.4818, 400.6863
681.049988, 358.6318, 646.5539, 358.4880
788.522705, 401.8545, 779.1772, 435.7318
801.320862, 432.7832, 782.7477, 468.2098
1030.29541, 466.8236, 1048.455, 431.1833
1054.86816, 413.5363, 1068.886, 380.8272
1071.33972, 381.8518, 1089.083, 346.0027
1187.28503, 321.2105, 1150.285, 306.0107
213.507980, 540.3092, 177.1579, 523.6157
464.676178, 520.3881, 450.1244, 557.6473
679.800781, 649.3416, 695.6439, 612.6130
875.717407, 702.2940, 857.4454, 735.9545
893.659058, 647.1727, 876.1363, 683.3863
1096.92272, 672.8726, 1079.399, 711.4227
1135.47265, 584.0908, 1117.949, 622.6408
1195.79956, 701.6651, 1157.668, 685.7227
1282.66357, 543.2045, 1263.972, 532.6909


filename=: 3.jpg, vehicle number=: 34 
x-pos          , y-pos          , x-pos          , y-pos        
39.718388 , 244.4291, 55.34763, 207.6089
96.387863 , 106.3703, 82.92596, 144.0370
117.366806, 57.33868, 103.6859, 94.92638
470.986847, 48.67059, 433.6436, 34.33587
528.018188, 179.8999, 501.1499, 164.7136
669.978149, 17.99204, 705.0751, 37.18056
796.699951, 68.92272, 830.5772, 85.27726
854.850342, 96.63552, 887.8181, 110.9772
933.377258, 11.68181, 914.6863, 46.72727
933.377258, 130.8363, 968.4226, 146.0227
1089.94616, 71.86934, 1072.390, 105.1363
1166.18225, 93.22528, 1148.322, 129.6681
1182.84118, 53.79008, 1163.509, 89.94999
24.573183 , 442.8711, 8.303717, 479.4129
36.409710 , 407.7057, 21.42544, 444.7931
497.645447, 501.1499, 463.7681, 492.9727
502.318176, 489.4681, 469.6090, 482.4590
535.027283, 483.6272, 548.7004, 451.1754
591.099976, 445.0772, 565.3999, 440.4045
740.966980, 376.2084, 755.5187, 338.9492
769.279419, 270.0983, 760.4863, 303.7272
799.187012, 479.7370, 783.5578, 516.5572
931.040894, 308.3999, 898.3317, 294.3818
967.254517, 327.0909, 937.1165, 310.2250
1123.79089, 332.9317, 1086.834, 316.6145
117.261986, 589.1486, 100.4636, 621.4727
419.377258, 634.3226, 433.3954, 601.6135
634.322693, 644.8363, 658.8544, 664.6954
755.889160, 617.8928, 774.4622, 582.4663
948.893677, 611.8319, 984.7427, 629.5756
981.272705, 506.9909, 968.4226, 528.0181
982.748840, 566.5335, 1018.282, 584.9001
1095.36511, 617.5165, 1059.015, 600.8229
1149.49084, 549.0454, 1130.799, 582.9227


filename=: 4.jpg, vehicle number=: 26 
x-pos          , y-pos          , x-pos          , y-pos        
32.709091 , 156.5363, 60.74545, 167.0499
33.454781 , 136.7812, 71.35064, 149.5837
86.445450 , 110.9772, 49.06363, 98.12726
207.258209, 150.3986, 188.6851, 185.8251
252.327271, 205.5999, 260.5045, 182.2363
297.313080, 158.8940, 263.2684, 137.8949
420.545441, 179.8999, 383.1636, 163.5454
505.822723, 244.1499, 480.1227, 230.1318
661.529907, 84.06215, 682.3305, 118.2284
950.899963, 136.6772, 921.6954, 146.0227
956.740906, 112.1454, 924.0317, 123.8272
1190.37719, 88.78181, 1211.404, 64.25000
37.381817 , 406.5272, 54.90454, 370.3136
299.668396, 505.2230, 263.8192, 487.4793
412.368164, 364.4727, 420.5454, 328.2590
617.968140, 469.6090, 594.6045, 436.8999
787.354492, 362.1363, 804.8772, 328.2590
1253.70056, 289.9273, 1288.224, 310.1285
34.799656 , 674.4904, 53.37273, 639.0638
292.439056, 733.4997, 256.9050, 715.1330
350.454529, 703.2454, 321.2500, 684.5545
516.213745, 648.0973, 500.5844, 684.9176
665.863586, 654.1818, 634.3226, 670.5363
716.095459, 697.4045, 683.2120, 681.9762
920.527222, 587.5954, 954.4045, 603.9499
1145.98632, 660.0227, 1177.527, 675.2090


filename=: 5.jpg, vehicle number=: 18 
x-pos          , y-pos          , x-pos          , y-pos        
113.859131, 122.8857, 150.7696, 138.3005
316.329651, 33.05152, 279.4191, 48.46629
344.368439, 43.74715, 307.2810, 58.73141
497.645447, 113.3136, 462.5999, 121.4909
520.079224, 69.78366, 539.8773, 104.5404
526.164246, 253.1889, 564.4838, 241.7168
908.845398, 244.1499, 884.3135, 225.4590
1007.39831, 65.63568, 1010.477, 101.6318
1153.18188, 130.6243, 1137.982, 167.6239
1170.09265, 94.20652, 1155.108, 131.2938
1249.95446, 33.87727, 1220.750, 17.52272
128.250946, 470.6772, 108.6553, 505.5486
400.686340, 431.0590, 384.3318, 462.5999
439.417816, 457.1869, 423.1483, 493.7287
482.412933, 401.1099, 465.5082, 437.3622
520.998840, 305.6433, 509.3272, 329.4272
594.271729, 316.1917, 621.5516, 345.4458
765.159058, 379.6590, 746.4681, 399.5181


filename=: 6.jpg, vehicle number=: 27 
x-pos          , y-pos          , x-pos          , y-pos        
156.536362, 233.6363, 128.5000, 235.9727
213.777267, 200.9272, 227.7954, 171.7227
317.558563, 187.1312, 302.5590, 217.2818
332.667816, 194.5994, 320.0818, 230.1318
350.242096, 201.4216, 337.6045, 235.9727
650.968445, 188.6016, 635.9841, 225.6889
973.095398, 172.8909, 985.9454, 140.1818
1140.40588, 221.0726, 1104.153, 204.1679
1109.77270, 58.40908, 1141.313, 73.59545
39.718182 , 393.6772, 67.75453, 405.3590
488.670471, 379.6734, 504.1389, 342.7854
771.806702, 300.0421, 731.8067, 300.0421
910.013611, 371.4818, 897.1635, 400.6863
926.368164, 376.1545, 912.3499, 404.1908
963.010437, 269.1342, 947.3954, 302.5590
1147.15454, 457.9272, 1141.406, 420.0252
1226.99975, 490.2248, 1249.656, 457.2597
179.569443, 651.7044, 142.3527, 637.0443
189.583054, 602.2965, 172.0482, 638.2482
420.545441, 617.9681, 390.1726, 599.2772
564.816284, 695.2626, 530.4400, 674.8109
553.718140, 538.5317, 582.9227, 556.0545
587.262085, 582.2036, 620.2271, 604.8599
943.522583, 591.1843, 905.9348, 577.5035
1054.86816, 641.3317, 1023.838, 625.2358
1098.09082, 658.8544, 1062.443, 641.6000
1164.13281, 687.1334, 1128.814, 668.3546


filename=: 7.jpg, vehicle number=: 34 
x-pos          , y-pos          , x-pos          , y-pos        
30.372726 , 51.39999, 60.74545, 61.91363
86.445450 , 28.03636, 59.57727, 16.35454
293.213623, 8.177273, 323.5863, 23.36363
335.708649, 56.01430, 300.5005, 37.03028
377.322723, 57.24090, 342.2772, 68.92272
447.413635, 132.0045, 434.5636, 126.1636
457.927246, 110.9772, 447.4136, 103.9681
734.436707, 179.5105, 716.5887, 215.3079
787.923950, 101.1637, 825.1406, 115.8237
803.256897, 65.38354, 840.7845, 79.22822
869.127258, 204.4318, 844.5953, 192.7500
1169.09362, 107.3161, 1132.071, 92.17018
107.472725, 404.1908, 144.8545, 424.0499
181.376236, 435.1894, 218.2642, 450.6578
301.678497, 412.6062, 332.9317, 426.3863
341.775085, 427.3714, 373.8181, 440.4045
387.836365, 447.4136, 421.0083, 461.4056
431.059082, 464.9363, 460.2636, 480.1227
546.709045, 474.2817, 571.2409, 489.4681
980.047119, 395.6880, 943.1590, 380.2195
974.263611, 431.0590, 1001.131, 446.2454
1008.14086, 478.9545, 992.2510, 511.2206
1023.32720, 492.9727, 1008.959, 521.0048
1137.80908, 343.4454, 1108.604, 405.3590
1266.30908, 519.8408, 1217.245, 496.4772
1261.63635, 271.0181, 1229.052, 257.3703
1282.66357, 468.4408, 1273.318, 460.2636
188.876907, 560.2529, 151.1712, 546.9006
462.599976, 642.5000, 441.5727, 669.3681
593.923645, 596.7484, 579.4181, 630.8181
573.577271, 556.0545, 607.4545, 554.8863
619.800720, 588.2510, 605.1181, 621.4727
1026.02087, 697.0668, 1012.504, 734.7139
1240.52819, 589.5557, 1204.576, 572.0208


filename=: 8.jpg, vehicle number=: 26 
x-pos          , y-pos          , x-pos          , y-pos        
204.909836, 216.5352, 168.9580, 199.0004
214.945450, 192.7500, 175.2272, 179.8999
231.299988, 167.0499, 190.4136, 155.3681
239.477264, 144.8545, 198.5908, 130.8363
309.568176, 30.37272, 296.7181, 58.40908
309.568176, 28.03636, 322.5926, -2.60107
383.163635, 1.168182, 377.3227, 9.345454
560.890930, 195.1997, 577.0817, 224.2908
840.440430, 207.3735, 857.1868, 243.6992
1020.99084, 257.0000, 1030.336, 237.1409
1134.30456, 109.8090, 1164.677, 122.6590
1260.46814, 248.8227, 1231.263, 234.8045
81.865654 , 427.9360, 44.84402, 412.7900
394.845428, 448.5817, 370.3136, 439.2363
447.413635, 369.1454, 438.0681, 329.4272
475.449982, 376.1545, 463.7681, 341.1090
542.934875, 520.0436, 556.4515, 482.3965
926.620239, 417.4673, 888.5780, 405.1066
1183.36816, 376.1545, 1150.659, 381.9954
1198.55444, 337.6045, 1160.004, 342.2772
58.232086 , 664.8621, 94.98373, 680.6519
380.310638, 585.5205, 362.4627, 621.3179
572.409058, 524.5136, 605.1181, 525.6818
919.125000, 541.9590, 904.1407, 579.0463
937.707886, 550.9870, 922.7236, 588.0744
598.109070, 238.3090, 585.2590, 211.4409


filename=: 9.jpg, vehicle number=: 27 
x-pos          , y-pos          , x-pos          , y-pos        
56.072723 , 165.8818, 68.92272, 124.9954
124.995453, 114.4818, 119.1545, 150.6954
121.490906, 190.4136, 115.6499, 228.9636
307.231812, 105.1363, 290.8772, 147.1909
336.254028, 84.13325, 323.2312, 121.9540
456.759064, 68.92272, 424.0499, 56.07272
557.222717, 209.1045, 520.9887, 194.4646
637.827271, 67.75453, 624.9772, 39.71818
902.569458, 48.20930, 865.1434, 34.09207
1107.43627, 70.09090, 1074.727, 56.07272
1234.10449, 126.5854, 1271.363, 141.1372
164.968811, 523.5570, 181.0681, 497.6454
236.643951, 396.9123, 251.6282, 359.8250
247.654541, 254.6636, 258.1681, 261.6727
382.068909, 476.7653, 396.0771, 439.2984
456.432281, 462.6186, 491.1890, 482.4167
588.763611, 489.4681, 553.3239, 494.6921
830.071716, 508.2628, 857.0094, 478.6932
1204.89306, 326.5540, 1167.805, 311.5697
201.216934, 551.9913, 212.6090, 523.3454
336.436340, 612.1272, 321.2500, 648.3408
541.544373, 688.1654, 578.7182, 702.9336
596.066589, 544.7459, 612.9713, 508.4935
598.233704, 648.6499, 633.5515, 667.4287
686.245667, 606.4304, 653.4796, 629.3734
971.822998, 607.7548, 954.4045, 640.1636
1198.55310, 747.0340, 1218.754, 712.5099


filename=: 10.jpg, vehicle number=: 32 
x-pos          , y-pos          , x-pos          , y-pos        
130.836365, 36.21363, 150.9907, 5.274357
161.209091, 124.9954, 190.4136, 139.0136
186.909088, 103.9681, 212.6090, 114.4818
265.641205, 168.6469, 302.3698, 184.4901
300.222717, 156.5363, 329.4272, 169.3863
344.820374, 206.5940, 381.1704, 223.2875
686.662476, 222.5290, 723.7498, 237.5133
695.792053, 207.5821, 733.2180, 221.6993
703.001282, 192.0219, 740.5889, 205.7027
735.873535, 117.8883, 769.8317, 132.0045
825.904541, 51.39999, 843.3561, 18.34170
1022.58093, 87.27143, 1008.140, 120.3227
1163.50903, 78.26818, 1133.136, 63.08181
84.227135 , 371.7692, 45.84146, 360.5202
84.086380 , 266.7275, 119.5129, 285.3005
157.704544, 487.1318, 146.0227, 515.1681
457.714478, 460.6011, 496.3515, 470.9539
601.814392, 363.2088, 564.7270, 348.2245
983.002686, 456.9718, 969.7601, 494.7162
1018.65448, 505.8227, 1034.162, 474.8975
1046.69091, 392.5090, 1077.063, 406.5272
127.331810, 670.5363, 92.28636, 662.3590
163.545456, 648.3408, 179.8999, 615.6317
441.572723, 521.0090, 474.2817, 537.3636
480.701111, 600.4121, 463.1662, 636.3638
478.191406, 600.5551, 496.1433, 564.8098
609.539673, 559.4779, 625.3828, 522.7492
608.055054, 731.3767, 638.9954, 748.8045
679.881775, 717.2636, 664.6954, 747.6363
912.292542, 678.3381, 894.3405, 714.0834
1157.66809, 550.2136, 1145.986, 582.9227
1172.74023, 549.1872, 1209.914, 563.9555


filename=: 11.jpg, vehicle number=: 26 
x-pos          , y-pos          , x-pos          , y-pos        
133.172729, 140.1818, 157.7045, 150.6954
417.637970, 171.6170, 453.7913, 188.7323
676.142822, 26.97548, 714.3262, 38.89270
859.781799, 160.0409, 822.1233, 145.0834
948.563599, 241.8136, 973.0953, 259.3363
954.913879, 227.8804, 987.6799, 250.8235
961.329285, 213.8078, 994.3601, 236.3681
969.590881, 197.4227, 995.2908, 216.1136
1221.91809, 42.05454, 1188.321, 27.41239
126.163635, 255.8318, 154.1999, 268.6818
166.092743, 461.9382, 153.2902, 499.8340
236.546280, 418.5967, 222.8654, 456.1844
395.104218, 362.6001, 379.2610, 399.3287
450.906281, 301.6752, 413.7323, 286.9069
616.799988, 478.9545, 629.6499, 446.2454
770.433411, 498.6272, 734.4816, 481.0924
858.691223, 287.6549, 895.6016, 303.0697
949.664001, 424.8717, 921.0525, 452.8249
1248.85388, 287.6751, 1211.679, 272.9068
135.759827, 560.0093, 100.8884, 579.6049
402.392303, 648.4660, 364.9663, 634.3488
630.776978, 612.3680, 666.8301, 629.6934
670.234863, 531.9033, 706.1866, 549.4382
744.131775, 705.5817, 771.0000, 718.4317
789.191223, 724.0679, 777.2739, 762.2514
1146.57971, 763.6320, 1160.478, 726.1245


filename=: 12.jpg, vehicle number=: 6 
x-pos          , y-pos          , x-pos          , y-pos        
88.781815 , 232.4681, 116.8181, 246.4863
320.064301, 252.3094, 337.8080, 216.4602
328.103241, 199.6819, 364.0549, 217.2167
379.659088, 135.5090, 346.9499, 117.9863
412.368164, 146.0227, 385.5000, 134.3409
663.527222, 39.71818, 648.3408, 78.26818


filename=: 13.jpg, vehicle number=: 36 
x-pos          , y-pos          , x-pos          , y-pos        
8.177273  , 235.9727, 39.71818, 255.8318
21.027271 , 196.2545, 51.39999, 213.7772
101.631813, 163.5454, 116.8592, 127.5317
306.063629, 93.45454, 290.8772, 121.4909
616.855530, 109.4699, 654.1987, 123.8046
735.117065, 134.7975, 771.9372, 150.4268
739.512329, 111.8975, 777.8651, 123.2581
806.045410, 144.8545, 836.4181, 162.3772
851.604492, 141.3499, 817.7272, 134.3409
828.240906, 109.8090, 856.2772, 126.1636
960.356873, 237.9742, 994.1226, 245.3181
997.627258, 162.3772, 1025.663, 176.3954
1159.16113, 51.22317, 1196.334, 65.99141
45.559090 , 334.0999, 30.37272, 300.2227
245.025696, 372.5988, 227.9103, 408.7521
276.859070, 351.6227, 275.6908, 322.4181
359.799988, 350.4545, 358.6318, 316.5772
379.659088, 317.7454, 379.6590, 350.4545
656.518188, 341.1090, 693.8999, 352.7908
746.087952, 472.5765, 708.5002, 458.8957
900.668152, 295.5499, 935.7136, 314.2409
1186.87268, 321.2500, 1163.509, 290.8772
1225.20007, 472.0183, 1212.572, 502.3181
1219.58178, 357.4636, 1234.765, 324.4036
1248.78637, 342.2772, 1264.811, 307.9077
70.090904 , 643.6681, 38.54999, 665.8635
89.949997 , 663.5272, 60.74545, 688.0590
420.545441, 737.1226, 390.1726, 723.1044
438.841400, 708.0812, 400.8717, 695.4994
556.054504, 561.8954, 533.2070, 535.0371
890.880005, 763.6757, 929.3304, 752.6502
909.927612, 598.1730, 940.2681, 572.1067
928.163513, 606.1369, 957.7330, 579.1992
979.074707, 584.8334, 1016.895, 597.8562
1169.66650, 584.0542, 1132.078, 570.3734
1217.55896, 643.2211, 1201.502, 679.8570


filename=: 14.jpg, vehicle number=: 33 
x-pos          , y-pos          , x-pos          , y-pos        
44.390907 , 157.7045, 74.76363, 169.3863
47.895454 , 133.1727, 84.10908, 149.5272
231.492477, 136.5001, 244.1499, 98.12726
236.385590, 252.2763, 249.9909, 213.7772
293.213623, 147.1909, 258.1681, 172.8909
355.127258, 255.8318, 328.2590, 240.6454
418.209076, 121.4909, 390.1726, 107.4727
427.554535, 107.4727, 396.0136, 91.11817
436.515869, 89.67211, 398.3499, 72.42726
443.909088, 72.42726, 408.8636, 56.07272
598.109070, 214.9454, 585.2590, 242.9818
606.286316, 245.3181, 619.1363, 213.7772
902.888245, 76.21054, 886.6499, 109.8090
1133.54736, 244.1970, 1097.494, 226.8717
1228.15637, 53.26310, 1262.804, 68.92272
103.968178, 490.6363, 132.0045, 503.4863
377.322723, 408.8636, 392.5090, 378.4909
521.009094, 407.6954, 532.6909, 376.1545
536.723022, 416.5132, 549.3048, 378.5435
550.654175, 422.8032, 563.2359, 384.8335
581.754517, 432.2272, 594.6764, 396.2301
883.145447, 448.5817, 896.4184, 413.2254
1038.51355, 315.4090, 1026.831, 349.2863
1051.36364, 386.6681, 1038.513, 419.3772
1031.21972, 368.3607, 1068.727, 382.2600
1075.36328, 358.6502, 1052.420, 325.8841
1098.09082, 295.5499, 1057.204, 297.8863
107.988335, 628.3342, 70.90097, 613.3499
440.991699, 644.9967, 424.0869, 681.2490
700.909058, 547.8772, 675.2090, 575.9136
949.406250, 603.6909, 913.2528, 586.5755
1183.36816, 532.6909, 1154.163, 539.6999
1268.64538, 630.8181, 1237.104, 617.9681


filename=: 15.jpg, vehicle number=: 43 
x-pos          , y-pos          , x-pos          , y-pos        
182.236359, 153.0318, 162.3772, 124.9954
209.104538, 160.0409, 191.5818, 132.0045
500.039398, 118.5417, 463.6893, 101.8482
535.027283, 18.69090, 566.5681, 10.51363
631.419373, 85.77574, 609.8293, 52.10274
805.308960, 229.8968, 768.4887, 214.2675
827.072693, 219.6181, 840.3987, 187.5421
840.617310, 187.4241, 854.0791, 149.7574
985.633972, 112.3260, 947.3954, 96.95909
1093.59960, 204.7339, 1129.631, 218.4499
64.024452 , 502.2203, 82.18407, 466.5801
122.659088, 502.3181, 114.4818, 518.6727
164.713623, 404.1908, 147.9085, 438.1064
181.746811, 370.4341, 163.5454, 401.8545
210.753708, 300.4928, 192.7500, 332.9317
231.006271, 254.4125, 211.8177, 289.5095
404.190887, 297.8863, 372.6499, 283.8681
693.899963, 510.4954, 665.8635, 498.8136
704.413635, 474.2817, 675.2090, 461.4317
906.509033, 439.2363, 918.1908, 413.5363
1164.67724, 506.9909, 1172.854, 516.3363
156.515961, 650.1612, 173.2095, 613.8112
186.168289, 577.5401, 203.0730, 541.2877
345.660431, 674.4324, 307.9937, 660.9705
357.297913, 655.0812, 319.7904, 641.1820
366.713043, 635.1282, 329.2055, 621.2290
383.605377, 733.2165, 402.3842, 697.8986
672.272583, 600.1080, 633.7586, 589.3063
799.036316, 721.9363, 781.5136, 753.4772
1049.02722, 693.8999, 1032.864, 728.7346
148.359085, 668.1999, 134.3409, 697.4045
941.554504, 359.7999, 929.8726, 389.0045
971.927246, 286.2045, 955.5726, 318.9136
1165.84545, 439.2363, 1177.527, 410.0317
1188.04089, 387.8363, 1200.890, 356.2954
1214.90905, 317.7454, 1228.927, 287.3727
908.845398, 506.9909, 914.6863, 514.0000
137.845444, 765.1590, 142.5181, 769.8317
126.163635, 24.53181, 153.0318, 14.01818
383.163635, 25.69999, 411.1999, 14.01818
206.768173, 102.7999, 239.4772, 115.6499
420.545441, 126.1636, 438.0681, 153.0318
447.413635, 134.3409, 464.9363, 163.5454


filename=: 16.jpg, vehicle number=: 10 
x-pos          , y-pos          , x-pos          , y-pos        
57.222691 , 136.8911, 38.03416, 171.9881
313.113983, 200.3981, 294.9543, 236.0384
309.338684, 195.8319, 327.4983, 160.1916
604.263184, 14.73457, 588.7636, 47.89545
785.018127, 212.6090, 794.3635, 185.7409
829.409058, 109.8090, 845.3243, 75.47264
889.732971, 143.3325, 903.4138, 105.7448
904.172668, 154.1999, 922.8635, 107.4727
1117.94995, 153.0318, 1141.313, 115.6499
1184.91040, 235.4230, 1148.274, 219.3664


filename=: 17.jpg, vehicle number=: 26 
x-pos          , y-pos          , x-pos          , y-pos        
29.800949 , 198.6200, 46.91629, 162.4666
392.599121, 119.7520, 411.7876, 84.65499
461.431793, 122.6590, 445.1758, 157.6756
482.174103, 82.89667, 462.9855, 117.9936
511.663605, 9.345454, 496.4772, 42.05454
654.181824, 81.77272, 641.3317, 112.1454
847.163513, 150.5063, 862.3632, 113.5068
968.422668, 71.25908, 968.4226, 95.79090
1268.27551, 214.1185, 1230.687, 200.4377
28.609386 , 407.7851, 11.91584, 444.1352
310.736359, 276.8590, 344.6136, 292.0454
389.004517, 376.1545, 397.1817, 405.3590
668.530884, 496.4508, 706.6444, 508.5899
710.254517, 424.0499, 738.2908, 438.0681
951.900391, 376.0338, 979.6867, 347.2602
973.789307, 299.3654, 1002.299, 322.4181
1089.26159, 315.0101, 1072.992, 351.5519
1192.75793, 441.5837, 1160.004, 457.9272
233.050201, 745.7268, 196.4143, 729.6701
460.263611, 633.1545, 496.4772, 649.5090
748.207275, 688.0609, 769.0079, 653.8946
1009.30908, 766.3272, 983.6090, 734.7863
979.132019, 637.0636, 1019.077, 639.1571
1052.48913, 621.2777, 1034.745, 657.1268
1068.31115, 543.5674, 1029.614, 533.4396
1070.10266, 586.7710, 1050.102, 621.4120


filename=: 18.jpg, vehicle number=: 20 
x-pos          , y-pos          , x-pos          , y-pos        
131.912704, 202.8077, 167.6580, 220.7596
155.368179, 109.8090, 190.0147, 127.1501
369.747467, 226.3119, 389.9486, 191.7878
608.467834, 203.3645, 625.7932, 167.3114
683.852295, 28.92507, 702.8363, -6.28298
833.491089, 46.51688, 824.0401, 85.38435
984.950684, 197.3639, 1008.273, 164.8669
1185.70446, 168.2181, 1151.532, 155.1961
102.799995, 310.7363, 115.6499, 280.3636
413.013428, 427.6179, 376.6633, 410.9244
581.754517, 345.7817, 615.6317, 362.1363
792.441956, 367.2031, 776.8408, 400.6863
1220.75000, 346.9499, 1203.227, 383.1636
1239.77673, 413.3346, 1207.553, 389.6353
1216.07727, 372.6499, 1252.290, 383.1636
137.845444, 658.8544, 177.0455, 678.4172
413.234680, 749.5975, 450.7421, 763.4968
682.218140, 719.5999, 722.4786, 708.5813
865.622681, 613.2954, 903.6915, 630.5239
1155.25293, 682.5844, 1128.315, 712.1540


filename=: 19.jpg, vehicle number=: 29 
x-pos          , y-pos          , x-pos          , y-pos        
105.136360, 188.0772, 72.85212, 173.6864
374.219910, 85.02802, 356.2954, 120.3227
599.556091, 134.5420, 612.5788, 96.72127
611.058411, 103.7755, 626.4732, 66.86502
680.729797, 68.53846, 665.8635, 101.6318
728.282776, 34.23492, 760.4863, 44.39090
950.899963, 239.4772, 973.0953, 216.1136
995.290894, 224.2908, 1018.742, 198.8324
1162.47778, 197.6752, 1138.966, 165.3145
157.704544, 322.4181, 123.8272, 311.9045
334.677124, 278.8294, 372.9293, 290.5243
551.380127, 443.8888, 588.1087, 459.7320
623.170227, 477.3218, 659.8988, 493.1650
663.921326, 492.4293, 700.6499, 508.2725
991.836182, 392.9566, 976.5999, 424.0499
1015.14996, 391.3408, 998.7954, 427.5545
1078.98107, 445.7162, 1092.003, 407.8954
145.664795, 686.2265, 125.2630, 720.6325
156.024750, 753.5408, 191.1774, 772.6272
320.897369, 587.4842, 356.4313, 605.8508
398.349976, 626.1454, 424.0499, 643.6681
424.978485, 660.2739, 405.5860, 695.2587
701.691406, 607.1580, 664.4321, 592.6063
827.254028, 671.3743, 867.2208, 669.7459
871.324097, 616.8303, 890.7164, 581.8456
910.037720, 714.1244, 892.9223, 750.2778
965.649658, 579.5255, 948.5343, 615.6788
1124.95910, 600.4454, 1103.931, 631.9863
1147.00988, 614.2467, 1120.767, 644.4350


filename=: 20.jpg, vehicle number=: 27 
x-pos          , y-pos          , x-pos          , y-pos        
88.514793 , 50.48613, 50.61892, 37.68365
189.245453, 161.2090, 175.2272, 193.9181
466.736298, 144.1634, 503.2781, 160.4328
504.014343, 106.8172, 486.6889, 142.8703
691.563599, 51.39999, 660.0327, 38.52446
731.259033, 207.3877, 750.0379, 172.0698
919.359070, 58.40908, 941.5545, 35.04545
1094.54235, 119.0380, 1054.542, 118.8053
96.959091 , 281.5317, 79.43636, 316.5772
308.566742, 397.9372, 271.0592, 384.0379
301.390900, 484.7954, 316.6072, 449.6610
620.304504, 411.1999, 658.8386, 423.2325
814.222717, 474.2817, 829.4090, 443.9090
1188.90283, 350.2544, 1170.950, 385.9997
1211.54565, 443.1680, 1193.881, 477.7863
119.154541, 553.7181, 136.6772, 516.3363
288.854340, 713.5144, 307.0139, 677.8741
330.595428, 616.7999, 348.1565, 579.6580
349.286346, 572.4090, 365.6536, 538.7388
379.271362, 655.6248, 360.9681, 691.5635
719.599976, 718.4317, 703.2454, 754.6454
738.290894, 728.9454, 721.9363, 766.3272
800.204529, 582.9227, 829.4090, 596.9409
902.458557, 564.3207, 885.4818, 598.1090
913.304993, 599.7109, 896.6114, 636.0610
1195.38147, 554.4885, 1212.706, 518.4353
1241.42541, 716.2376, 1252.002, 754.8137


filename=: 21.jpg, vehicle number=: 25 
x-pos          , y-pos          , x-pos          , y-pos        
93.454544 , 128.5000, 102.7999, 94.62272
130.836365, 144.8545, 139.0136, 110.9772
216.113632, 179.8999, 226.6272, 148.3590
260.504547, 12.84999, 292.0454, 26.86818
710.651428, 75.59170, 695.0221, 112.4118
885.481812, 150.6954, 914.6863, 162.3772
928.100769, 145.2530, 889.4637, 134.9003
1143.93994, 204.3888, 1123.790, 239.4772
188.698654, 350.0451, 169.1030, 384.9165
200.927261, 477.7863, 232.4681, 490.6363
201.176636, 461.4824, 240.0440, 470.9333
319.021851, 386.9251, 282.0223, 371.7253
566.218079, 420.4327, 549.9486, 456.9745
591.099976, 428.7227, 617.9681, 442.7409
797.836975, 298.7742, 782.6817, 331.7636
811.783936, 428.0776, 795.5317, 460.2636
962.581787, 467.2727, 992.9545, 478.9545
1054.24499, 382.5006, 1092.287, 394.8612
1150.69799, 302.2356, 1135.498, 339.2352
100.463631, 547.8772, 68.92272, 538.5317
97.471634 , 708.4926, 111.5888, 671.0666
224.290894, 539.6999, 213.7772, 575.9136
407.278076, 659.6336, 444.9447, 673.0955
461.680511, 686.1804, 497.6454, 698.5726
632.882874, 573.5168, 615.5574, 609.5700


filename=: 22.jpg, vehicle number=: 26 
x-pos          , y-pos          , x-pos          , y-pos        
153.031815, 134.3409, 186.9090, 143.6863
352.790894, 31.54090, 339.9408, 67.75453
644.836365, 58.40908, 606.2863, 43.22272
674.040894, 120.3227, 710.2545, 140.1818
719.599976, 95.79090, 682.2181, 81.77272
725.440857, 79.43636, 686.8908, 63.08181
839.922668, 200.9272, 855.2672, 170.4119
864.454529, 205.5999, 877.4023, 175.1419
1114.44543, 219.6181, 1107.436, 255.8318
192.750000, 325.9227, 227.7954, 307.2318
273.354523, 457.9272, 300.2227, 469.6090
327.090912, 471.9454, 329.4272, 505.8227
657.686340, 470.7772, 628.4818, 459.0954
802.540894, 389.0045, 814.2227, 352.7908
1206.73181, 289.7090, 1174.022, 274.5227
227.795441, 744.1317, 190.4136, 731.2817
261.672729, 685.7227, 293.2136, 700.9090
558.390869, 765.1590, 566.5681, 768.6636
623.809082, 753.4772, 587.5954, 738.2908
726.609070, 766.3272, 691.5635, 746.4681
737.122681, 747.6363, 699.7409, 730.1135
745.299988, 732.4499, 719.5999, 713.7590
1016.31817, 751.1408, 984.7772, 733.6181
1102.97876, 581.0282, 1116.781, 609.7908
1140.14538, 596.9409, 1156.500, 631.9863
1174.02270, 720.7681, 1182.199, 755.8135


filename=: 23.jpg, vehicle number=: 9 
x-pos          , y-pos          , x-pos          , y-pos        
1.168182  , 58.40908, 12.84999, 31.54090
233.636353, 106.3045, 219.6181, 141.3499
252.327271, 113.3136, 240.6454, 143.6863
450.918152, 141.3499, 432.2272, 108.6409
657.686340, 42.05454, 690.3954, 54.90454
973.095398, 231.2999, 940.3863, 210.2727
1054.86816, 3.504545, 1047.859, 36.21363
1157.66809, 18.69090, 1152.995, 52.56818
170.554535, 323.5863, 135.5090, 329.4272


filename=: 24.jpg, vehicle number=: 26 
x-pos          , y-pos          , x-pos          , y-pos        
157.704544, 115.6499, 157.7045, 149.5272
317.372589, 11.84422, 357.3725, 11.84422
396.412384, 191.8655, 397.5757, 151.8824
462.202332, 105.2130, 462.2023, 145.2130
464.266785, 63.23994, 464.2667, 103.2399
711.422729, 155.3681, 710.2545, 114.4818
895.995422, 210.2727, 895.9954, 170.5545
1073.59729, 189.7433, 1033.597, 189.7433
1079.16857, 169.7654, 1039.174, 169.0673
228.186218, 429.8640, 222.3889, 469.4417
349.492554, 413.7002, 309.6447, 417.1864
549.153076, 324.3919, 545.6668, 364.2397
567.688660, 352.3809, 572.9097, 312.7232
796.699951, 380.8272, 799.5941, 349.5801
843.851501, 421.2766, 843.8515, 381.2766
963.674194, 465.8012, 987.1135, 498.8136
1070.53503, 433.1746, 1070.535, 473.1746
1228.00878, 358.0146, 1188.025, 359.1780
237.561203, 750.6411, 238.7245, 710.6580
291.526154, 750.4293, 292.6895, 710.4462
599.567444, 565.7813, 559.5674, 565.7813
740.987061, 571.9353, 701.0039, 570.7719
941.554504, 612.1272, 901.8363, 593.4363
995.804016, 632.8885, 995.8040, 672.8885
1071.88281, 688.9949, 1031.950, 691.3207
1220.20324, 680.9479, 1245.914, 711.5897


filename=: 25.jpg, vehicle number=: 26 
x-pos          , y-pos          , x-pos          , y-pos        
38.074921 , 165.0916, 78.05799, 166.2550
133.073029, 168.3065, 173.0730, 168.3065
161.691986, 197.0782, 201.6750, 198.2416
447.342224, 96.26286, 487.3422, 96.26286
557.351074, 185.8933, 597.3510, 185.8933
730.446472, 64.20983, 716.0954, 26.86818
813.524536, 188.1450, 853.5245, 188.1450
1004.17962, 77.03875, 964.1796, 77.03875
1167.60949, 132.0405, 1207.609, 132.0405
27.897881 , 490.7698, 22.10060, 451.1922
311.904541, 338.7727, 283.8681, 339.9408
364.472717, 399.5181, 369.1454, 364.4727
568.904541, 470.7772, 571.2409, 503.4863
813.747131, 356.3412, 813.7471, 316.3412
891.484619, 389.7670, 891.4846, 429.7670
1074.09509, 439.2044, 1074.095, 399.2044
1097.39453, 439.0556, 1097.394, 399.0556
135.592239, 730.5313, 136.7556, 690.5482
464.936340, 570.0726, 464.9363, 595.7727
466.104523, 613.2954, 468.4408, 643.6681
671.704529, 580.5863, 640.1636, 580.5863
672.872681, 559.5590, 636.5266, 562.9223
904.172668, 540.8681, 904.1726, 582.9227
1125.17358, 595.8731, 1125.173, 635.8731
1172.28210, 629.3349, 1172.282, 589.3349
1255.65283, 628.6392, 1254.489, 668.6223


filename=: 26.jpg, vehicle number=: 29 
x-pos          , y-pos          , x-pos          , y-pos        
215.991547, 29.33326, 188.5418, 58.42821
270.856384, 82.37431, 270.8563, 122.3743
295.961273, 87.95189, 295.9612, 127.9518
548.487549, 116.7765, 548.4875, 156.7765
748.488220, 81.28719, 742.6909, 41.70952
745.746155, 52.32455, 780.9541, 71.30857
925.370483, 115.0212, 918.4245, 154.4135
977.967712, 96.87537, 938.3098, 91.65432
1143.06835, 126.7468, 1182.460, 119.8009
1223.08630, 21.02727, 1225.422, 51.39999
1258.36865, 175.9214, 1217.245, 181.0681
128.358505, 387.4469, 127.1951, 427.4300
276.017914, 345.0917, 276.0179, 305.0917
295.187744, 426.4932, 295.1877, 386.4932
661.965637, 322.9089, 640.9666, 356.9536
734.432495, 386.4073, 694.4324, 386.4073
968.506897, 466.1925, 1002.551, 445.1934
1066.54992, 389.0045, 1065.381, 421.7136
1137.35730, 278.1179, 1132.713, 317.8474
1223.63525, 395.6572, 1183.635, 395.6572
124.172195, 766.8990, 124.1721, 726.8990
278.901123, 642.0749, 280.0645, 682.0580
282.503296, 557.4606, 282.5032, 597.4606
744.698303, 614.7789, 744.6983, 654.7789
771.271057, 711.1532, 731.2710, 711.1532
866.279053, 747.6255, 866.2790, 707.6255
924.293335, 622.8146, 923.1299, 662.7977
927.089905, 569.9100, 925.9265, 609.8931
1137.06274, 547.7052, 1097.079, 546.5418


filename=: 27.jpg, vehicle number=: 4 
x-pos          , y-pos          , x-pos          , y-pos        
41.307201 , 42.84622, 12.21225, 15.39656
78.169365 , 40.98629, 52.45785, 10.34452
456.120667, 191.5639, 452.0863, 226.6272
504.306671, 195.1755, 501.1499, 230.1318


filename=: 28.jpg, vehicle number=: 31 
x-pos          , y-pos          , x-pos          , y-pos        
243.440552, 121.3741, 243.9059, 161.3714
266.345459, 124.9954, 267.5136, 162.3772
296.718170, 217.2818, 324.7545, 214.9454
621.592773, 183.7744, 622.0581, 223.7717
673.357300, 62.95107, 665.2686, 102.1246
692.885498, 63.20642, 684.7968, 102.3800
700.022583, 174.0202, 700.0225, 214.0202
786.260193, 137.4503, 786.2601, 97.45038
1271.36560, 155.8075, 1231.973, 162.7534
202.361099, 285.7926, 241.9387, 279.9954
320.550201, 276.5509, 320.0818, 310.7363
339.827881, 276.5470, 338.7727, 315.4090
609.064148, 392.4762, 644.8094, 410.4282
678.787781, 269.5761, 718.5172, 274.2198
690.602539, 311.2925, 730.5855, 312.4559
911.072571, 364.6031, 896.3043, 327.4292
914.686340, 369.1454, 914.6863, 401.8545
942.722717, 448.5817, 1015.149, 449.7499
1190.58679, 459.8636, 1194.072, 420.0158
29.158922 , 610.8024, 50.15798, 644.8471
185.244019, 576.7185, 225.1763, 579.0443
393.562653, 677.3176, 353.7148, 673.8314
533.957581, 742.3746, 573.8053, 738.8884
538.781372, 693.1281, 578.7136, 695.4539
546.709045, 532.6909, 582.9227, 529.1863
859.566895, 708.9554, 819.6345, 706.6296
824.213501, 668.8886, 864.2135, 668.8886
1158.21167, 630.8186, 1118.244, 632.4472
1177.22717, 692.1889, 1177.227, 652.1889
1198.88085, 625.8713, 1159.033, 629.3576
1200.89086, 640.1636, 1198.554, 676.3772


filename=: 29.jpg, vehicle number=: 31 
x-pos          , y-pos          , x-pos          , y-pos        
59.108665 , 229.2666, 19.37912, 224.6229
63.379963 , 213.0547, 23.65042, 208.4110
389.051727, 208.0281, 429.0490, 208.4935
582.424194, 209.2296, 622.4072, 210.3930
615.631775, 242.9818, 592.2681, 226.6272
679.881775, 177.5636, 716.0954, 177.5636
811.878784, 249.2900, 771.8957, 248.1266
813.288757, 202.3522, 773.3056, 201.1889
813.677002, 218.8402, 773.6939, 217.6768
814.727966, 183.8407, 774.7448, 182.6773
1029.10864, 114.7453, 1069.041, 112.4195
113.204620, 410.0088, 114.3680, 449.9919
166.882874, 415.5363, 166.8828, 455.5363
243.883301, 415.3169, 243.8833, 455.3169
370.313629, 386.6681, 352.7908, 366.8090
701.659607, 273.9278, 701.6596, 313.9278
990.281616, 387.6033, 1001.753, 349.2837
1177.52722, 464.9363, 1177.527, 497.6454
1227.35083, 455.7631, 1262.222, 475.3587
44.159504 , 692.4476, 45.78802, 652.4808
46.802826 , 636.1809, 52.60009, 596.6032
121.662468, 634.3956, 120.4990, 674.3787
337.910736, 579.7014, 297.9276, 578.5380
347.221741, 615.8620, 307.2893, 613.5361
349.346680, 596.9981, 309.3635, 595.8347
573.577271, 584.0908, 574.7454, 617.9681
585.259094, 705.5817, 585.2590, 740.6272
818.105469, 731.1202, 857.0272, 740.3448
1000.95544, 530.3673, 999.3269, 570.3341
1091.42993, 743.8441, 1131.429, 743.8441
721.936340, 177.5636, 756.9818, 177.5636


filename=: 30.jpg, vehicle number=: 19 
x-pos          , y-pos          , x-pos          , y-pos        
68.226456 , 126.7389, 68.22645, 86.73896
275.372101, 58.59803, 315.3551, 59.76141
520.663086, 141.5952, 560.5108, 145.0814
949.894958, 105.2972, 989.8780, 106.4606
1196.21814, 234.8045, 1230.095, 235.9727
1246.68347, 79.01891, 1239.737, 39.62660
90.960014 , 397.8381, 120.3227, 379.6590
207.936356, 317.7454, 232.4681, 296.7181
337.138275, 311.1586, 336.4401, 351.1524
664.906250, 296.7143, 703.8280, 287.4897
984.217834, 359.8497, 1024.217, 359.8497
1130.13659, 409.4936, 1131.299, 449.4767
209.104538, 636.6590, 209.1673, 602.8261
416.919861, 736.9425, 456.7676, 733.4563
693.745239, 698.6195, 678.9769, 735.7933
981.272705, 643.6681, 947.3954, 644.8363
1074.21826, 586.1348, 1064.213, 547.8772
1119.62011, 675.1909, 1079.687, 672.8651
1116.78173, 697.4045, 1087.577, 697.4045


filename=: 31.jpg, vehicle number=: 4 
x-pos          , y-pos          , x-pos          , y-pos        
246.486359, 225.4590, 224.2908, 202.0954
246.486359, 191.5818, 224.2908, 169.3863
228.963623, 66.58636, 252.3272, 85.27726
422.437073, 196.9473, 416.6398, 236.5250


filename=: 32.jpg, vehicle number=: 20 
x-pos          , y-pos          , x-pos          , y-pos        
251.411346, 149.9451, 211.4140, 149.4797
436.899994, 146.0227, 438.0681, 106.3045
545.540894, 164.7136, 558.3908, 130.8363
820.063599, 247.6545, 789.6908, 226.6272
1140.14538, 160.0409, 1140.145, 115.6499
129.668182, 477.7863, 86.44545, 484.7954
293.580231, 384.7353, 263.6992, 358.1434
278.230652, 293.0835, 307.2318, 316.5772
574.560486, 377.4574, 580.3577, 417.0351
603.534058, 380.1774, 605.8598, 420.1098
755.813599, 280.3636, 714.9272, 287.3727
928.264893, 288.1015, 967.1867, 297.3261
1252.63427, 477.8467, 1277.443, 446.4700
130.448273, 533.1147, 90.54571, 535.9050
299.653809, 571.9928, 296.6314, 611.8785
572.807922, 754.7474, 611.1275, 766.2196
953.236328, 585.2590, 954.4045, 651.8454
1015.39727, 600.6361, 1014.931, 640.6334
1045.52270, 550.2136, 1020.990, 529.1863
1079.30261, 634.2235, 1119.296, 634.9216


filename=: 33.jpg, vehicle number=: 20 
x-pos          , y-pos          , x-pos          , y-pos        
40.868496 , 76.25904, 0.936168, 78.58483
231.299988, 37.38181, 230.1318, 79.43636
306.063629, 105.1363, 304.8954, 150.6954
746.445557, 81.96944, 706.4516, 82.66753
751.665833, 60.69705, 711.6658, 60.69705
797.495056, 185.3774, 826.5900, 157.9278
1278.27429, 15.68207, 1239.637, 26.03484
229.425247, 429.6030, 245.2684, 392.8743
470.077759, 298.9627, 510.0608, 300.1261
605.118164, 317.7454, 610.3593, 357.2637
912.349976, 300.2227, 967.2545, 301.3909
1193.29834, 354.5215, 1233.281, 353.3581
19.460087 , 733.2703, 17.83156, 773.2371
81.318756 , 736.1542, 78.52849, 776.0567
376.927917, 632.2152, 374.6021, 672.1475
399.970276, 634.7327, 401.1336, 674.7158
442.470428, 628.8616, 438.2892, 668.6425
608.929443, 720.0093, 648.9125, 721.1727
905.086365, 744.5265, 945.0693, 743.3631
1192.87829, 654.9995, 1153.148, 650.3558


filename=: 34.jpg, vehicle number=: 14 
x-pos          , y-pos          , x-pos          , y-pos        
63.369419 , 127.5208, 50.78762, 165.4905
272.186340, 115.6499, 271.0181, 141.3499
322.418182, 143.6863, 323.5863, 115.6499
380.827271, 123.8272, 380.8272, 157.7045
433.395447, 151.8636, 435.7318, 126.1636
564.127808, 71.24282, 568.7714, 31.51329
663.527222, 117.9863, 661.1908, 160.0409
906.376099, 106.3958, 906.3760, 66.39582
1020.99084, 72.42726, 1023.327, 108.6409
1148.37097, 185.7872, 1188.303, 188.1130
224.601334, 291.5796, 225.7647, 331.5626
296.290283, 405.6924, 260.5449, 423.6444
620.318726, 398.2272, 652.4036, 374.3409
693.899963, 351.6227, 729.5128, 340.0825


filename=: 35.jpg, vehicle number=: 19 
x-pos          , y-pos          , x-pos          , y-pos        
230.131805, 244.1499, 194.6008, 219.2050
306.344421, 173.3996, 307.0425, 213.3935
338.635071, 172.4776, 339.3331, 212.4714
403.022705, 56.07272, 366.8090, 70.09090
464.178833, 147.5815, 424.3310, 144.0953
555.609985, 161.9607, 555.6099, 201.9607
929.872681, 46.72727, 901.8363, 22.19545
1067.78930, 86.14547, 1069.650, 126.1021
80.976387 , 412.6790, 40.97638, 412.6790
439.236359, 310.7363, 438.0681, 346.9499
547.240601, 324.5863, 532.4723, 361.7603
563.444946, 332.1914, 553.0921, 370.8284
971.540588, 289.6019, 931.5405, 289.6019
1234.84533, 332.4041, 1274.237, 325.4582
193.090683, 550.2225, 190.0683, 590.1082
452.580688, 524.7397, 492.5637, 525.9031
698.106812, 757.1088, 658.1094, 757.5742
867.856140, 650.2601, 847.8561, 615.6192
1084.57934, 618.6220, 1051.159, 596.6416


filename=: 36.jpg, vehicle number=: 19 
x-pos          , y-pos          , x-pos          , y-pos        
69.326645 , 194.4142, 94.13607, 163.0376
408.146088, 32.29125, 436.8999, 56.07272
428.722717, 19.85909, 454.4226, 40.88636
737.731750, 40.82408, 740.0574, 80.75641
886.748840, 225.3332, 890.0032, 185.4658
1106.62426, 33.97169, 1144.593, 21.38990
185.890808, 512.7235, 188.6810, 472.8209
205.599991, 475.4499, 203.2636, 510.4954
299.054535, 306.0636, 318.5283, 277.7159
328.259094, 327.0909, 351.5944, 298.0940
450.809387, 424.7315, 470.8093, 390.0905
734.770813, 487.2857, 723.2987, 448.9661
933.377258, 408.8636, 911.1817, 387.8363
1162.59399, 386.3453, 1202.171, 380.5480
84.326263 , 736.1635, 52.94963, 711.3540
310.736359, 638.9954, 338.7727, 654.1818
740.627258, 556.0545, 753.4772, 589.9318
999.483826, 575.8907, 1023.370, 543.8057
1163.47351, 674.1635, 1138.664, 705.5402


filename=: 37.jpg, vehicle number=: 19 
x-pos          , y-pos          , x-pos          , y-pos        
244.714661, 67.67825, 237.7687, 107.0705
504.839935, 156.7754, 468.5876, 139.8707
585.259094, 113.3136, 558.2824, 90.20401
852.124939, 143.4293, 877.3045, 171.7227
1205.89807, 161.4561, 1167.260, 171.8089
57.240906 , 477.7863, 94.03668, 475.1187
326.798492, 473.6329, 366.5280, 468.9892
687.934509, 392.1270, 725.1083, 406.8952
728.945435, 450.9181, 751.1408, 422.8818
893.286255, 273.9982, 933.2835, 273.5328
947.656677, 354.2236, 907.6594, 354.6890
1088.97058, 447.1866, 1128.548, 441.3893
1131.67334, 463.1581, 1091.770, 465.9483
216.113632, 681.0499, 186.9090, 656.5181
407.695435, 755.8135, 429.3293, 730.3580
419.806488, 770.8945, 446.3983, 741.0135
643.481262, 584.6233, 683.4812, 584.6233
645.609436, 565.0317, 685.6067, 565.4971
652.045288, 545.1971, 692.0426, 545.6625


filename=: 38.jpg, vehicle number=: 32 
x-pos          , y-pos          , x-pos          , y-pos        
102.986153, 151.9555, 103.4515, 111.9582
334.302002, 172.0457, 294.3020, 172.0457
335.389465, 128.0505, 375.3894, 128.0505
440.021576, 171.6168, 400.0215, 171.6168
640.163635, 33.87727, 662.4114, 62.80803
692.731812, 206.7681, 692.7318, 227.7954
1006.61645, 228.6628, 966.6164, 228.6628
1196.21814, 53.73636, 1197.386, 19.85909
1219.58190, 179.0737, 1218.883, 219.0676
216.990997, 279.6571, 256.3833, 286.6031
325.292908, 400.6988, 324.5948, 440.6927
344.533936, 401.0316, 343.8358, 441.0255
490.170013, 502.9532, 487.1476, 463.0675
635.981934, 487.4232, 675.3742, 480.4772
906.509033, 311.9045, 873.7999, 320.0818
1058.37268, 386.6681, 1063.500, 352.4829
1079.58911, 355.4136, 1078.231, 390.1726
1165.76306, 269.2985, 1164.134, 309.2654
1188.21411, 274.9248, 1188.214, 314.9248
32.973396 , 653.4496, 32.50798, 693.4469
108.640907, 728.9454, 80.60454, 755.8135
81.772728 , 699.7409, 113.3136, 674.0408
358.105591, 663.9090, 327.0909, 691.5635
477.929352, 623.5039, 478.3947, 583.5067
499.050690, 620.8995, 499.5160, 580.9022
526.472656, 663.8376, 566.4557, 665.0010
588.763611, 740.6272, 570.0726, 769.8317
617.609863, 666.9458, 657.5929, 668.1091
929.934143, 616.0646, 897.8492, 592.1783
1056.87817, 610.6460, 1056.878, 650.6460
1155.20507, 669.2805, 1134.205, 703.3251
1214.90905, 699.7409, 1198.554, 748.8045


filename=: 39.jpg, vehicle number=: 37 
x-pos          , y-pos          , x-pos          , y-pos        
8.991430  , 128.6365, 8.526019, 168.6338
29.500517 , 235.1774, 69.50051, 235.1774
170.205750, 144.4164, 169.0423, 184.3995
293.870850, 153.3949, 293.8708, 113.3949
405.165375, 0.636060, 405.1653, 40.63605
462.966278, 224.8113, 500.5539, 238.4921
584.090881, 35.04545, 612.1272, 12.84999
676.502136, 192.2939, 676.5021, 232.2939
787.389893, 217.9022, 787.3898, 257.9022
879.480042, 73.89115, 839.4970, 75.05455
842.661987, 115.0123, 882.6619, 115.0123
1074.72729, 158.8727, 1072.390, 195.0863
1053.69995, 157.7045, 1053.699, 193.9181
1133.13635, 113.3136, 1163.509, 117.9863
51.502243 , 332.2851, 11.54031, 334.0299
194.858231, 307.6810, 169.1467, 277.0393
294.495361, 338.3337, 292.1695, 378.2660
377.050598, 416.9837, 337.0532, 417.4491
379.529755, 393.9450, 339.5297, 393.9450
532.690918, 502.3181, 532.6909, 462.5999
600.253113, 290.4070, 640.1854, 292.7328
660.894714, 318.8396, 700.8940, 319.0723
733.323181, 361.9652, 693.3563, 360.3367
864.916443, 435.3132, 904.9157, 435.5459
1100.92175, 303.8395, 1060.927, 303.1414
1153.22619, 305.4427, 1113.226, 305.4427
1156.54504, 330.3159, 1116.547, 329.8505
1207.89904, 307.9790, 1167.899, 307.9790
1212.90405, 333.8700, 1172.904, 333.8700
25.677982 , 590.9197, 24.51459, 630.9028
225.341812, 740.2457, 185.4094, 737.9199
352.583496, 566.9694, 350.2576, 606.9017
574.136536, 583.1878, 543.4947, 557.4763
744.107422, 678.1240, 726.1554, 642.3787
918.190857, 572.4090, 936.8817, 601.6135
1079.39990, 741.7954, 1112.109, 742.9636
1205.78503, 595.8157, 1245.785, 595.8157


filename=: 40.jpg, vehicle number=: 20 
x-pos          , y-pos          , x-pos          , y-pos        
157.096451, 91.81883, 157.0964, 51.81883
433.371582, 55.78863, 433.3715, 15.78863
600.445435, 244.1499, 634.5042, 228.8302
598.581116, 221.1749, 635.3097, 205.3317
958.482300, 74.25505, 958.4823, 34.25506
985.784607, 77.53963, 985.7846, 37.53963
1094.74609, 15.42098, 1102.834, 54.59460
162.377274, 360.9681, 165.8818, 396.0136
279.355988, 301.4362, 319.3559, 301.4362
281.971588, 322.4201, 321.9546, 323.5835
452.186859, 471.8787, 449.8610, 511.8110
735.954529, 454.4226, 728.9454, 413.5363
790.715759, 410.9393, 791.8791, 370.9562
1154.16357, 376.1545, 1154.272, 320.4194
110.977272, 567.7363, 71.25908, 571.2409
279.903534, 585.4564, 285.7008, 545.8787
529.186340, 689.2272, 525.6818, 720.7681
953.382629, 577.7167, 913.3995, 576.5534
1005.80450, 575.9136, 973.0953, 577.0817
1116.37658, 584.4454, 1156.376, 584.4454


filename=: 41.jpg, vehicle number=: 8 
x-pos          , y-pos          , x-pos          , y-pos        
132.172501, 89.61603, 171.7501, 83.81876
380.101593, 105.2493, 379.4035, 145.2432
666.838257, 211.9733, 666.8382, 171.9733
925.809265, 18.05155, 964.4463, 28.40431
1106.54406, 60.06240, 1146.391, 63.54863
13.700613 , 381.1439, 13.70061, 341.1439
115.477943, 452.5321, 76.08563, 445.5862
472.174347, 435.2242, 471.0109, 475.2073


filename=: 42.jpg, vehicle number=: 32 
x-pos          , y-pos          , x-pos          , y-pos        
6.643616  , 170.3002, 6.643616, 210.3002
96.959091 , 254.6636, 119.1545, 219.6181
142.811066, 67.78204, 142.8110, 27.78204
340.312317, 176.9255, 380.2689, 175.0645
358.631805, 129.6681, 399.5181, 136.6772
445.080658, 67.63894, 440.4369, 107.3684
624.439758, 85.87046, 631.3856, 125.2627
767.100281, 97.16437, 727.4424, 102.3854
775.614624, 39.94566, 815.6146, 39.94566
811.445923, 88.43914, 794.5411, 124.6914
823.006714, 183.7248, 783.3339, 188.8305
856.344666, 107.2075, 857.5080, 67.22447
1041.59167, 129.3200, 1041.591, 169.3200
1042.81225, 181.0104, 1043.510, 221.0043
1221.54528, 192.0573, 1222.708, 232.0404
55.749065 , 397.2380, 53.42327, 437.1703
421.713623, 399.5181, 421.7136, 433.3954
744.131775, 315.4090, 744.1317, 350.4545
800.837463, 364.5439, 802.0008, 404.5270
820.310730, 366.2731, 822.1717, 406.2298
840.462341, 362.2705, 842.7880, 402.2028
1050.83630, 390.2036, 1090.830, 390.9017
184.572723, 699.7409, 144.8545, 699.7409
291.590729, 709.5694, 269.6103, 676.1499
682.767883, 571.3773, 696.4486, 608.9650
701.898804, 570.3640, 715.5795, 607.9517
806.507690, 594.6096, 806.5076, 554.6096
834.081787, 646.0045, 851.6044, 675.2090
910.055969, 659.2802, 911.2193, 619.2972
1097.49804, 530.9594, 1137.491, 530.2613
1148.32263, 533.8590, 1195.460, 531.9860
1198.91418, 642.2329, 1158.931, 643.3963


filename=: 43.jpg, vehicle number=: 23 
x-pos          , y-pos          , x-pos          , y-pos        
187.218536, 105.4093, 204.1232, 69.15699
275.690887, 179.8999, 275.6908, 218.4499
291.518341, 219.0896, 294.3086, 179.1870
587.469849, 84.66555, 585.1440, 124.5978
816.559082, 68.92272, 829.4090, 99.29544
1234.31298, 163.8126, 1274.042, 168.4563
144.854538, 374.9863, 113.3136, 404.1908
257.333191, 321.3534, 297.3162, 322.5168
407.655487, 386.3607, 371.9101, 368.4087
475.199066, 329.6174, 515.1990, 329.6174
670.438660, 466.9017, 704.4833, 445.9026
932.209045, 380.8272, 933.3772, 337.6045
1174.95800, 440.9682, 1174.260, 480.9621
79.436363 , 723.1044, 71.25908, 684.5545
269.846741, 541.9813, 293.7330, 574.0663
320.939362, 656.4352, 325.5830, 696.1647
315.689026, 540.8836, 339.5753, 572.9685
556.054504, 572.4090, 537.3636, 537.3636
596.940918, 517.5045, 561.8954, 530.3545
600.445435, 539.6999, 565.3999, 554.8863
896.213928, 736.0557, 856.2308, 737.2191
884.665894, 713.8034, 924.6489, 712.6400
1096.22778, 723.1011, 1124.511, 694.8168


filename=: 44.jpg, vehicle number=: 20 
x-pos          , y-pos          , x-pos          , y-pos        
228.963623, 226.6272, 203.2636, 253.4954
468.414185, 77.22701, 508.4141, 77.22701
473.390411, 43.79140, 513.3903, 43.79140
628.481812, 86.44545, 677.5454, 87.61363
907.677246, 204.4318, 908.8453, 162.3772
1105.09997, 114.4818, 1102.763, 154.1999
153.031815, 453.2545, 144.8545, 408.8636
280.478333, 398.3976, 320.4783, 398.3976
282.318787, 379.5748, 322.3127, 378.8767
318.913635, 273.3545, 329.1856, 312.8477
667.031799, 476.6181, 629.2218, 468.9306
701.627258, 448.2050, 736.2683, 468.2050
1005.67919, 381.5722, 973.5942, 405.4585
1063.30139, 394.5515, 1064.464, 434.5346
209.104538, 633.1545, 248.8227, 610.9590
207.558289, 607.9083, 244.2869, 592.0651
481.106415, 678.3123, 441.1064, 678.3123
703.601929, 699.4967, 729.3134, 668.8549
787.354492, 631.9863, 794.3635, 668.1999
907.421204, 670.9318, 947.4212, 670.9318


filename=: 45.jpg, vehicle number=: 23 
x-pos          , y-pos          , x-pos          , y-pos        
147.190903, 31.54090, 147.1909, 63.08181
357.463623, 149.5272, 328.2590, 135.5090
657.686340, 39.71818, 630.8181, 24.53181
685.765808, 166.5380, 667.8138, 202.2833
962.581787, 22.19545, 936.8817, 8.177273
977.768127, 58.40908, 944.0493, 41.16455
1024.69702, 24.38671, 989.4890, 5.402699
1124.95910, 213.7772, 1094.586, 230.1318
1151.82727, 231.2999, 1120.286, 252.3272
65.418182 , 425.2181, 75.93181, 392.5090
101.048325, 397.2797, 85.27726, 432.2272
274.175293, 314.7410, 313.0727, 317.7454
543.204529, 381.9954, 547.8772, 424.0499
856.277222, 468.4408, 859.7817, 502.3181
1079.06958, 309.8345, 1039.340, 314.4782
1079.39990, 275.6908, 1045.522, 275.6908
33.396511 , 679.6997, 73.12604, 675.0560
330.595428, 582.9227, 304.8954, 600.4454
309.129730, 650.7626, 349.1128, 651.9260
716.228149, 745.6104, 693.2850, 712.8443
764.901917, 755.0654, 741.9588, 722.2993
885.481812, 567.7363, 858.6135, 543.2045
1095.75451, 637.8272, 1082.904, 622.6408


filename=: 46.jpg, vehicle number=: 29 
x-pos          , y-pos          , x-pos          , y-pos        
127.733444, 208.7622, 104.7903, 241.5283
306.210510, 105.1122, 345.7881, 99.31499
579.859741, 74.38933, 539.8597, 74.38933
988.313293, 147.2722, 971.4085, 111.0199
996.421204, 232.9249, 990.6239, 193.3472
1041.77075, 235.4008, 1081.770, 235.4008
1277.51733, 167.8272, 1237.669, 171.3134
93.454544 , 346.9499, 93.45454, 385.5000
114.481812, 342.2772, 115.6499, 384.3318
138.960510, 382.8746, 138.9605, 342.8746
217.173706, 384.5975, 217.1737, 344.5975
247.654541, 286.2045, 266.3454, 275.6908
334.634216, 413.9179, 374.5665, 416.2437
339.940887, 454.4226, 370.3136, 453.2545
534.233215, 399.6348, 534.2332, 359.6348
750.056763, 386.0574, 750.0567, 346.0574
899.273315, 471.6287, 859.3410, 469.3029
863.355469, 414.1527, 903.2877, 416.4785
1153.69897, 469.5876, 1190.427, 485.4307
200.024124, 576.7827, 227.7954, 552.5499
201.070847, 650.3334, 227.7954, 627.3135
202.826324, 624.8959, 231.2999, 600.4454
378.135101, 627.9168, 340.9611, 613.1486
418.209076, 628.4818, 384.3318, 643.6681
700.909058, 685.7227, 702.0772, 717.2636
728.560669, 593.2571, 725.0744, 633.1049
835.250000, 566.5681, 835.2500, 603.9499
987.389771, 584.9160, 1024.118, 600.7592
1054.86816, 700.9090, 1057.204, 741.7954


filename=: 47.jpg, vehicle number=: 34 
x-pos          , y-pos          , x-pos          , y-pos        
148.359085, 87.61363, 116.8181, 95.79090
169.482834, 205.3421, 206.6567, 190.5738
448.581787, 45.55909, 448.5817, 78.26818
745.912903, 219.6543, 705.9129, 219.6543
746.736084, 192.9199, 706.7360, 192.9199
825.269958, 206.4091, 865.2530, 205.2457
892.490906, 115.6499, 926.3681, 110.9772
959.659729, 73.18224, 999.2374, 67.38496
1041.43969, 73.60327, 1074.727, 59.57727
1095.75451, 178.7318, 1059.540, 181.0681
102.870613, 434.7105, 63.14108, 430.0668
67.298355 , 318.4178, 107.2306, 320.7436
170.554535, 318.9136, 198.5908, 315.4090
343.401611, 397.7198, 328.6333, 360.5459
348.631500, 356.7514, 366.5834, 392.4967
378.490906, 374.9863, 367.8758, 348.0521
400.686340, 371.4818, 387.4580, 336.4465
762.555664, 281.6721, 727.3475, 262.6881
900.770630, 360.5676, 913.3524, 398.5373
1138.97717, 358.6318, 1155.331, 384.3318
115.649994, 584.0908, 117.9863, 621.4727
150.695450, 735.9545, 154.1999, 767.4954
212.491867, 655.3263, 217.1355, 695.0558
365.245300, 724.8665, 325.2622, 726.0299
366.844177, 748.3189, 326.8610, 749.4823
637.062866, 611.9505, 640.5491, 651.7982
708.007751, 672.1914, 709.1711, 712.1744
746.468140, 720.7681, 751.1408, 767.4954
875.170776, 538.2084, 835.3229, 534.7221
876.265869, 555.7000, 836.3335, 553.3742
1136.64086, 634.3226, 1102.763, 636.6590
1155.33178, 615.6317, 1123.790, 614.4636
1185.70446, 533.8590, 1130.799, 528.0181
913.518127, 401.8545, 933.3772, 424.0499


filename=: 48.jpg, vehicle number=: 16 
x-pos          , y-pos          , x-pos          , y-pos        
15.186363 , 257.0000, 16.35454, 244.1499
23.363636 , 23.36363, 22.19545, 60.74545
52.568180 , 54.90454, 50.23181, 14.01818
289.709076, 31.54090, 290.8772, 65.41818
320.081818, 60.74545, 318.9136, 95.79090
369.145447, 206.7681, 369.1454, 240.6454
405.428192, 48.75723, 404.2648, 88.74031
635.490906, 245.3181, 684.5545, 244.1499
894.827271, 10.51363, 895.9954, 51.39999
897.163574, 153.0318, 898.3317, 190.4136
974.291504, 191.3439, 973.0953, 225.4590
1064.70007, 147.7935, 1024.717, 148.9569
1201.50012, 149.1001, 1161.517, 150.2635
1271.45202, 97.15931, 1231.468, 98.32270
168.218170, 348.1181, 169.3863, 392.5090
224.290894, 370.3136, 224.2908, 407.6954


filename=: 49.jpg, vehicle number=: 27 
x-pos          , y-pos          , x-pos          , y-pos        
130.135986, 216.7708, 90.14550, 217.6434
470.279816, 209.8089, 430.2798, 209.8089
569.049072, 255.2206, 569.0490, 215.2206
613.976868, 214.9002, 613.9768, 254.9002
960.118652, 43.87633, 960.1186, 83.87632
1081.86132, 47.43193, 1081.861, 87.43193
1103.37817, 100.0793, 1103.378, 60.07937
1133.96044, 53.40427, 1173.960, 53.40427
140.599670, 403.1286, 170.6732, 429.5024
200.927261, 510.4954, 216.1136, 518.6727
285.746796, 304.8636, 285.7467, 264.8636
286.582672, 350.4187, 286.5826, 310.4187
570.574402, 340.7742, 541.6798, 313.1136
603.949951, 365.6409, 575.5135, 340.9677
866.161011, 264.6140, 867.5569, 304.5896
866.790894, 371.4818, 869.1272, 413.5363
914.796570, 282.1380, 913.9239, 322.1285
915.495972, 359.2392, 913.7511, 399.2011
1087.77331, 449.0263, 1047.782, 449.8989
134.340912, 547.8772, 135.5090, 581.7545
194.042419, 525.7608, 194.9150, 565.7513
344.613617, 668.1999, 346.9499, 705.5817
735.193481, 658.4576, 695.2030, 659.3302
786.172668, 528.5639, 787.0452, 568.5543
1218.41357, 528.0181, 1255.795, 528.0181
1251.12268, 663.5272, 1256.963, 634.3226
1266.30908, 660.0227, 1274.486, 630.8181


filename=: 50.jpg, vehicle number=: 23 
x-pos          , y-pos          , x-pos          , y-pos        
169.556580, 164.3023, 166.9404, 204.2167
446.693634, 168.0649, 419.6700, 197.5560
488.147247, 201.1886, 461.1236, 230.6797
512.831787, 227.7954, 490.6363, 248.8227
512.661926, 127.8528, 552.6619, 127.8528
554.886353, 64.25000, 553.7181, 36.21363
953.236328, 242.9818, 922.8635, 220.7863
935.440430, 207.8440, 966.0822, 233.5556
960.245422, 174.0590, 982.4408, 188.0772
1216.61560, 54.16752, 1179.335, 39.67000
165.881805, 296.7181, 185.7409, 272.1863
378.259705, 308.8192, 356.7677, 342.5549
681.334717, 434.6706, 654.9609, 404.5970
837.586304, 373.8181, 860.9499, 369.1454
1124.14343, 317.0525, 1160.018, 299.3609
1169.96240, 321.4521, 1134.893, 340.6916
239.752502, 734.3739, 223.6426, 697.7614
488.299988, 558.3908, 470.7772, 526.8499
664.403381, 676.7642, 704.1656, 681.1188
666.135315, 693.3546, 705.8975, 697.7092
891.322693, 733.6181, 864.4545, 706.7500
1174.16857, 632.0923, 1175.190, 665.8635
1173.82482, 587.8549, 1175.046, 627.8363


filename=: 51.jpg, vehicle number=: 33 
x-pos          , y-pos          , x-pos          , y-pos        
1.168182  , 108.6409, 29.20454, 96.95909
40.169987 , 92.99176, 77.75769, 79.31095
264.009094, 23.36363, 248.8227, 40.88636
357.566925, 108.0595, 333.9145, 140.3172
385.132324, 132.6707, 361.4799, 164.9285
397.465118, 144.0432, 373.8127, 176.3010
431.276672, 173.5895, 422.6190, 212.6413
702.077271, 15.18636, 739.4590, 15.18636
728.137939, 74.53861, 729.1850, 114.5249
807.213623, 206.7681, 828.2409, 226.6272
1102.76355, 174.0590, 1069.003, 159.2394
1128.46362, 150.6954, 1150.659, 163.5454
103.968178, 441.5727, 101.6318, 412.3681
308.154663, 479.0961, 326.6246, 443.6156
364.472717, 474.2817, 350.4545, 503.4863
463.768158, 478.9545, 438.0681, 461.4317
630.847961, 269.1368, 635.8959, 308.8170
632.916077, 308.3439, 635.4909, 342.2772
677.645142, 398.1482, 637.7973, 401.6344
978.029907, 381.3436, 979.9490, 421.2976
1019.12799, 464.6953, 979.1374, 463.8227
1002.70239, 387.4818, 1001.829, 427.4723
1070.65808, 256.9495, 1074.144, 296.7973
1288.27478, 441.0163, 1248.284, 441.8889
1272.94226, 342.1418, 1272.942, 302.1418
57.342739 , 766.3833, 17.34274, 766.3833
60.181194 , 641.0183, 20.19071, 641.8908
455.117371, 683.8946, 495.1173, 683.8946
455.631836, 761.0600, 495.6148, 762.2234
662.696106, 705.1548, 700.2838, 718.8356
689.227234, 591.0999, 725.4408, 599.2772
894.202698, 610.1849, 934.1646, 611.9297
1183.50341, 701.2208, 1184.550, 741.2071


filename=: 52.jpg, vehicle number=: 15 
x-pos          , y-pos          , x-pos          , y-pos        
4.266864  , 205.5868, 44.26686, 205.5868
228.963623, 172.8909, 228.9636, 205.5999
327.540131, 231.1033, 367.3879, 227.6171
425.817505, 72.98254, 385.8270, 73.85514
642.500000, 168.2181, 642.5000, 207.9363
813.673645, 104.6817, 773.7592, 107.2978
859.312195, 103.2303, 819.4644, 106.7165
970.710693, 76.75060, 930.8628, 80.23683
1107.53833, 15.27521, 1114.484, 54.66753
1130.79992, 12.84999, 1130.799, 53.73636
1206.24133, 114.1886, 1166.241, 114.1886
1208.58190, 59.88674, 1168.581, 59.88674
1208.59826, 135.6265, 1168.598, 135.6265
130.264420, 451.2709, 170.1121, 447.7847
406.820587, 301.4258, 446.7349, 298.8097

filename=: 53.jpg, vehicle number=: 23 
x-pos          , y-pos          , x-pos          , y-pos        
106.803749, 165.8018, 106.8037, 125.8018
150.611588, 144.9870, 150.6115, 184.9870
358.631805, 15.18636, 387.8363, 38.54999
414.704529, 160.0409, 424.0499, 133.1727
711.422729, 61.91363, 714.9272, 101.6318
1007.38690, 33.71853, 1008.550, 73.70161
1222.45764, 44.90918, 1262.457, 44.90918
159.273666, 366.5107, 159.2736, 326.5107
232.231934, 357.7911, 232.2319, 397.7911
494.963013, 376.9483, 498.4492, 416.7961
675.721497, 361.0283, 676.8848, 321.0452
801.297852, 281.9462, 841.2978, 281.9462
1227.17236, 482.5367, 1229.498, 442.6044
1262.17529, 429.9443, 1262.175, 469.9443
64.250000 , 707.9181, 92.28636, 732.4499
430.051178, 564.8819, 390.0511, 564.8819
415.377106, 739.1933, 455.3771, 739.1933
461.898804, 737.9319, 501.8988, 737.9319
649.768188, 680.4920, 609.7681, 680.4920
740.063354, 652.3636, 700.0633, 652.3636
922.863586, 553.7181, 891.3226, 568.9045
1112.42126, 693.3651, 1152.421, 693.3651
1116.34887, 755.0131, 1156.348, 755.0131


filename=: 54.jpg, vehicle number=: 26 
x-pos          , y-pos          , x-pos          , y-pos        
84.632332 , 176.8546, 84.63233, 136.8546
178.849365, 116.8657, 138.8493, 116.8657
267.112274, 31.45116, 286.0962, 66.65921
286.509277, 30.68749, 305.4933, 65.89555
342.277252, 92.28636, 341.1090, 122.6590
482.138611, 96.17609, 522.1386, 96.17609
714.734070, 4.327590, 714.7340, 44.32759
857.593872, -2.81466, 857.5938, 37.18533
970.759033, 47.89545, 970.7590, 16.35454
1196.34558, 27.14466, 1196.345, 67.14466
1198.67102, 161.1702, 1204.468, 200.7479
201.306931, 430.2025, 184.4022, 393.9502
437.371582, 335.3400, 477.3546, 334.1766
605.118164, 512.8317, 602.7817, 489.4681
671.003601, 414.9145, 631.0036, 414.9145
673.365356, 446.1546, 633.3653, 446.1546
846.169250, 285.7491, 806.3214, 289.2353
1224.66430, 265.6763, 1225.827, 305.6594
15.163785 , 674.5335, 55.16378, 674.5335
160.943192, 573.4576, 161.1759, 613.4569
240.931961, 531.9562, 200.9319, 531.9562
261.949249, 733.1455, 301.7970, 729.6593
453.127960, 719.5949, 493.1110, 718.4315
579.930115, 552.9638, 539.9301, 552.9638
1005.80450, 537.3636, 992.9545, 559.5590
1126.12719, 693.8999, 1126.127, 662.3590


filename=: 55.jpg, vehicle number=: 23 
x-pos          , y-pos          , x-pos          , y-pos        
151.863632, 184.5727, 137.4649, 155.1607
326.324158, 135.4033, 366.3241, 135.4033
575.587219, 10.77545, 591.4304, 47.50410
650.075378, 75.90367, 686.8040, 60.06049
803.709045, 73.59545, 788.5227, 49.06363
1204.46545, 102.3230, 1164.533, 104.6488
68.748810 , 301.2784, 108.7488, 301.2784
308.399994, 448.5817, 316.5772, 483.6272
366.809082, 288.5408, 366.8090, 311.9045
488.423584, 499.2066, 491.9098, 459.3589
594.604553, 401.8545, 559.5590, 397.1817
792.050781, 333.9559, 780.5786, 372.2755
811.967529, 335.9756, 800.4953, 374.2952
830.577271, 336.4363, 824.7363, 365.6409
1060.70910, 344.6136, 1059.540, 315.4090
1109.16418, 390.1183, 1109.164, 430.1183
1243.99267, 381.7196, 1203.992, 381.7196
82.999825 , 554.0971, 83.69792, 594.0911
112.685493, 680.4271, 112.6854, 720.4271
267.687042, 575.1597, 307.5348, 578.6459
704.400513, 574.5733, 704.4005, 614.5733
911.181763, 724.2727, 912.3499, 766.3272
1074.52441, 662.3199, 1074.524, 702.3199


filename=: 56.jpg, vehicle number=: 14 
x-pos          , y-pos          , x-pos          , y-pos        
97.790100 , 70.50443, 68.69515, 97.95410
161.173187, 130.6050, 148.5914, 168.5747
219.864548, 52.14335, 183.1358, 67.98654
467.132751, 167.0259, 467.1327, 207.0259
602.781799, 202.0954, 617.9681, 184.5727
658.226685, 135.7309, 644.5458, 173.3186
691.563599, 165.8818, 689.2272, 196.2545
806.045410, 128.5000, 837.5863, 147.1909
816.559082, 108.6409, 848.0999, 129.6681
1167.83544, 157.2883, 1197.386, 182.2363
1272.14990, 68.92272, 1246.449, 43.22272
1281.49536, 9.345454, 1248.145, 9.599507
192.750000, 473.1136, 172.4441, 506.7484
224.985229, 405.5523, 206.7681, 434.5636


filename=: 57.jpg, vehicle number=: 27 
x-pos          , y-pos          , x-pos          , y-pos        
130.836365, 130.8363, 114.4818, 165.8818
154.199997, 206.7681, 123.8272, 197.4227
128.500000, 63.08181, 154.1999, 43.22272
391.340881, 33.87727, 367.9772, 8.177273
550.213623, 30.37272, 550.2136, 64.25000
656.518188, 192.7500, 682.2181, 206.7681
849.268127, 123.8272, 850.4363, 165.8818
850.436340, 46.72727, 850.4363, 94.62272
1096.92272, 49.06363, 1096.922, 78.26818
1224.25451, 206.7681, 1258.131, 211.4409
161.209091, 302.5590, 167.0499, 262.8409
363.304535, 443.9090, 374.9863, 482.4590
593.436340, 321.2500, 581.7545, 353.9590
834.378906, 478.3308, 836.7047, 438.3984
862.043091, 477.1545, 863.2064, 437.1714
887.818176, 321.2500, 886.6499, 286.2045
1224.25451, 373.8181, 1186.872, 362.1363
185.740906, 545.5408, 148.3590, 546.7090
494.140900, 713.7590, 488.2999, 754.6454
490.636353, 674.0408, 490.6363, 707.9181
494.140900, 660.0227, 494.1409, 629.6499
496.477264, 622.6408, 497.6454, 582.9227
635.490906, 567.7363, 676.3772, 571.2409
774.504517, 608.6226, 786.1863, 638.9954
783.849976, 582.9227, 796.6999, 617.9681
1044.35449, 584.0908, 1068.886, 554.8863
1131.96814, 633.1545, 1141.313, 664.6954


filename=: 58.jpg, vehicle number=: 35 
x-pos          , y-pos          , x-pos          , y-pos        
33.877270 , 191.5818, 2.336364, 177.5636
171.722717, 161.2090, 163.5454, 193.9181
316.577271, 25.69999, 280.3636, 15.18636
442.740906, 105.1363, 413.5363, 96.95909
655.349976, 89.94999, 684.5545, 96.95909
706.750000, 15.18636, 674.0408, 8.177273
790.859070, 211.4409, 783.8499, 239.4772
889.903381, 115.0137, 929.8726, 120.3227
912.349976, 84.10908, 946.2272, 100.4636
1235.93627, 94.62272, 1232.431, 63.08181
46.727272 , 316.5772, 84.10908, 309.5681
117.986359, 302.5590, 151.8636, 294.3818
199.759079, 287.3727, 235.9727, 280.3636
447.413635, 398.3499, 449.7499, 434.5636
466.104523, 399.5181, 467.2727, 435.7318
551.381775, 399.5181, 521.0090, 403.0227
651.845459, 338.7727, 690.3954, 337.6045
760.486328, 262.8409, 756.9818, 303.7272
804.877258, 441.5727, 807.2136, 470.7772
876.169373, 259.4923, 881.5057, 299.1347
891.322693, 467.2727, 894.8272, 504.6545
1136.64086, 385.5000, 1143.649, 413.5363
1157.00231, 284.2854, 1160.488, 324.1332
133.172729, 559.5590, 100.4636, 564.2318
184.572723, 552.5499, 149.5272, 557.2227
325.373962, 759.8043, 333.4626, 720.6307
345.781799, 665.8635, 349.2863, 627.3135
352.790894, 623.8090, 359.7999, 582.9227
549.045410, 745.2999, 551.3817, 717.2636
631.986328, 663.5272, 635.4909, 640.1636
813.054504, 726.6090, 816.5590, 766.3272
1147.15454, 717.2636, 1103.931, 719.5999
1143.64990, 734.7863, 1112.109, 738.2908
1154.16357, 633.1545, 1114.445, 637.8272
1150.65905, 651.8454, 1120.286, 657.6863


filename=: 59.jpg, vehicle number=: 43 
x-pos          , y-pos          , x-pos          , y-pos        
112.145447, 106.3045, 112.1454, 70.09090
129.334869, 71.42527, 130.0329, 111.4191
149.527267, 68.92272, 149.5272, 105.1363
184.572723, 213.7772, 154.1999, 226.6272
188.077271, 161.2090, 157.7045, 178.7318
334.099976, 254.6636, 300.2227, 247.6545
372.649994, 191.5818, 360.9681, 225.4590
505.822723, 1.168182, 529.1863, 5.840909
577.081787, 31.54090, 603.9499, 38.54999
620.304504, 30.37272, 654.1818, 36.21363
703.245422, 89.94999, 734.7863, 96.95909
793.606934, 201.4539, 832.9992, 208.3999
836.418152, 150.6954, 844.5953, 117.9863
843.427246, 103.9681, 851.6044, 73.59545
855.109070, 65.41818, 859.7817, 33.87727
989.449951, 2.336364, 981.2727, 35.04545
1182.19995, 175.2272, 1152.995, 168.2181
21.027271 , 260.5045, 15.18636, 294.3818
439.236359, 337.6045, 428.7227, 309.5681
473.113617, 461.4317, 463.7681, 429.8909
483.627258, 495.3090, 475.4499, 469.6090
484.795441, 327.0909, 495.3090, 351.6227
644.430115, 284.8532, 654.1818, 321.2500
664.695435, 264.0090, 681.0499, 290.8772
717.263611, 280.3636, 740.6272, 261.6727
848.099976, 428.7227, 874.9681, 452.0863
941.554504, 399.5181, 907.6772, 398.3499
1102.76355, 265.1772, 1074.727, 303.7272
1117.94995, 496.4772, 1143.649, 488.2999
1179.86364, 433.3954, 1189.209, 464.9363
1280.32727, 436.8999, 1275.654, 447.4136
124.995453, 643.6681, 103.9681, 668.1999
290.877258, 681.0499, 261.6727, 700.9090
310.736359, 697.4045, 294.3818, 717.2636
509.327240, 605.1181, 484.7954, 631.9863
556.054504, 702.0772, 574.7454, 674.0408
578.250000, 669.3681, 594.6045, 646.0045
599.277222, 637.8272, 616.7999, 613.2954
600.445435, 688.0590, 622.6408, 658.8544
760.197937, 752.1275, 748.7258, 713.8079
807.213623, 665.8635, 789.6908, 695.0681
825.904541, 674.0408, 807.2136, 704.4136
1059.54089, 675.2090, 1071.222, 706.7500


filename=: 60.jpg, vehicle number=: 15 
x-pos          , y-pos          , x-pos          , y-pos        
100.463631, 5.840909, 123.8272, 29.20454
129.668182, 33.87727, 150.6954, 53.73636
376.154541, 43.22272, 343.4454, 47.89545
384.999939, 15.51937, 344.6136, 26.86818
379.659088, 255.8318, 398.3499, 231.2999
614.463623, 66.58636, 589.9318, 46.72727
903.004517, 135.5090, 917.0227, 98.12726
913.518127, 198.5908, 926.3681, 162.3772
1031.50451, 189.2454, 1053.699, 214.9454
1094.58630, 144.8545, 1114.445, 167.0499
1177.52722, 115.6499, 1154.163, 92.28636
47.895454 , 363.3045, 59.57727, 399.5181
217.281815, 431.0590, 181.0681, 445.0772
413.536346, 467.2727, 428.7227, 495.3090
626.145447, 276.8590, 664.6954, 264.0090


filename=: 61.jpg, vehicle number=: 29 
x-pos          , y-pos          , x-pos          , y-pos        
172.418076, 192.0882, 205.8376, 214.0686
470.938324, 24.31825, 504.9829, 45.31731
745.382080, 79.02187, 722.4390, 111.7879
839.375366, 125.5338, 855.2185, 88.80517
872.779785, 103.8958, 856.9365, 140.6244
1073.80896, 181.3094, 1038.600, 162.3253
1147.15454, 89.94999, 1170.518, 102.7999
3.504545  , 273.3545, 19.85909, 290.8772
149.254532, 387.7655, 124.4451, 419.1421
266.520264, 468.0834, 300.5649, 489.0824
344.613617, 405.3590, 322.4181, 435.7318
377.322723, 431.0590, 356.2954, 460.2636
398.349976, 350.4545, 379.6590, 379.6590
667.024048, 343.0694, 700.4435, 365.0498
1015.03875, 406.4411, 976.7191, 394.9690
1178.68310, 451.1124, 1138.835, 454.5987
80.867905 , 667.2182, 86.66517, 627.6405
96.987053 , 668.2130, 102.7843, 628.6353
133.172729, 760.4863, 142.9074, 721.6943
170.047699, 759.7074, 177.4514, 720.3986
463.768158, 738.2908, 455.7973, 774.2073
469.609070, 671.7045, 491.8045, 641.3317
522.177246, 705.5817, 504.6545, 723.1044
610.959045, 600.4454, 627.3135, 566.5681
953.750793, 656.7583, 919.1098, 636.7583
1019.82269, 593.4363, 1035.009, 602.7817
1057.20446, 717.2636, 1073.559, 689.2272
1091.20434, 692.2625, 1071.222, 723.1044
1183.36816, 603.9499, 1148.322, 621.4727


filename=: 62.jpg, vehicle number=: 27 
x-pos          , y-pos          , x-pos          , y-pos        
62.161293 , 62.06647, 84.14165, 28.64695
102.266022, 38.90681, 83.28201, 74.11486
125.142006, 50.36156, 105.1420, 85.00258
115.649994, 99.29544, 133.1727, 74.76363
490.636353, 191.5818, 505.8227, 160.0409
756.012695, 87.03212, 749.0667, 126.4244
862.118164, 136.6772, 899.4999, 140.1818
1176.35900, 71.25908, 1197.386, 61.91363
1175.19091, 93.45454, 1198.554, 78.26818
173.972809, 440.0055, 189.8159, 403.2769
198.771271, 504.8487, 199.7590, 476.6181
322.903076, 344.3370, 322.9030, 384.3370
682.218140, 373.8181, 686.8908, 408.8636
797.868164, 306.0636, 793.1954, 344.6136
967.254517, 498.8136, 931.0408, 498.8136
1049.72119, 310.8403, 1088.894, 318.9290
1067.29992, 346.0458, 1106.221, 355.2705
1108.45043, 352.8281, 1147.372, 362.0528
144.854538, 720.7681, 143.6863, 686.8908
450.630890, 613.0439, 410.6477, 611.8805
554.557251, 681.6458, 553.3938, 721.6289
682.735840, 683.8575, 682.7358, 723.8575
748.804504, 742.9636, 716.0954, 749.9727
922.963989, 656.6633, 903.9799, 691.8713
943.788330, 673.4752, 924.8043, 708.6832
984.777222, 515.1681, 963.0180, 557.9149
1118.54418, 657.0910, 1100.592, 692.8363


filename=: 63.jpg, vehicle number=: 36 
x-pos          , y-pos          , x-pos          , y-pos        
46.255116 , 216.5683, 59.93592, 178.9806
72.425194 , 132.4499, 85.00698, 94.48026
102.740852, 29.51033, 115.3226, -8.45937
391.340881, 49.06363, 374.9863, 78.26818
586.427246, 80.60454, 556.0545, 64.25000
663.389526, 188.2468, 680.2942, 151.9945
751.140869, 239.4772, 766.3272, 212.6090
914.162598, 198.7302, 878.4172, 180.7783
961.513672, 224.3569, 925.7683, 206.4049
1088.74536, 148.3590, 1073.559, 189.2454
1113.27722, 191.5818, 1124.959, 154.1999
132.598236, 426.4010, 92.86870, 421.7573
136.031525, 409.2850, 96.30199, 404.6413
282.314514, 455.3758, 285.8007, 415.5280
725.582703, 483.1603, 685.6503, 480.8345
690.670898, 405.4023, 730.6032, 407.7281
882.067261, 483.2560, 917.2753, 502.2400
1206.73181, 321.2500, 1225.422, 285.0363
1241.77722, 330.5954, 1259.299, 304.8954
15.113553 , 665.3307, 33.06552, 629.5854
69.616516 , 642.0626, 49.61651, 676.7036
84.109085 , 691.5635, 99.85519, 661.4913
350.454529, 677.5454, 346.9499, 705.5817
412.368164, 692.7318, 394.5435, 732.4750
454.433960, 670.8084, 468.4408, 635.4909
536.195435, 664.6954, 514.0000, 661.1908
558.390869, 614.4636, 523.3454, 606.2863
724.272705, 517.5045, 752.3090, 532.6909
782.681763, 654.1818, 768.6636, 655.3499
822.436829, 581.2727, 823.6002, 621.2557
1130.63122, 601.7523, 1127.841, 641.6549
1149.05334, 602.7372, 1146.263, 642.6397
1171.68774, 568.0216, 1167.044, 607.7510
1184.69506, 609.8281, 1181.208, 649.6759
1214.82226, 608.5341, 1210.872, 648.3387
1233.88049, 610.6737, 1229.930, 650.4782


filename=: 64.jpg, vehicle number=: 3 
x-pos          , y-pos          , x-pos          , y-pos        
71.259087 , 7.009090, 57.24090, 37.38181
49.063633 , 57.24090, 31.54090, 91.11817
26.868181 , 106.3045, 15.18636, 134.3409


filename=: 65.jpg, vehicle number=: 26 
x-pos          , y-pos          , x-pos          , y-pos        
92.286362 , 232.4681, 65.41818, 231.2999
420.545441, 40.88636, 445.0772, 33.87727
761.654541, 50.23181, 725.4408, 49.06363
763.990906, 242.9818, 763.9909, 258.1681
933.377258, 93.45454, 933.3772, 58.40908
1010.47723, 144.8545, 1010.477, 179.8999
1015.14996, 4.672727, 1016.318, 38.54999
1074.53637, 112.4245, 1114.519, 113.5879
37.381817 , 310.7363, 9.345454, 300.2227
46.727272 , 283.8681, 18.69090, 268.6818
296.718170, 450.9181, 310.7363, 420.5454
587.595459, 446.2454, 558.3908, 426.3863
810.718140, 278.0272, 837.5863, 289.7090
858.613586, 456.7590, 850.4363, 491.8045
1232.43176, 460.2636, 1217.245, 489.4681
142.518173, 546.7090, 110.9772, 553.7181
143.686356, 528.0181, 112.1454, 533.8590
218.449997, 653.0136, 235.9727, 621.4727
483.627258, 705.5817, 450.9181, 688.0590
682.218140, 531.5227, 667.0317, 564.2318
705.581787, 630.8181, 702.0772, 668.1999
892.490906, 644.8363, 920.5272, 656.5181
938.049988, 636.6590, 970.7590, 654.1818
1110.94091, 564.2318, 1080.568, 551.3817
1119.11816, 547.8772, 1092.250, 536.1954
1261.06640, 688.2823, 1226.425, 668.2823


filename=: 66.jpg, vehicle number=: 22 
x-pos          , y-pos          , x-pos          , y-pos        
153.031815, 238.3090, 121.4909, 254.6636
197.422714, 223.1227, 176.3954, 248.8227
434.598633, 12.31650, 416.6466, 48.06181
692.731812, 45.55909, 719.5999, 19.85909
730.113586, 89.94999, 754.6454, 66.58636
987.113586, 207.9363, 973.0953, 242.9818
1181.03173, 82.94090, 1199.722, 110.9772
58.409088 , 505.8227, 79.89679, 477.9252
199.759079, 287.3727, 219.6181, 259.3363
346.949982, 392.5090, 315.4090, 407.6954
711.422729, 266.3454, 732.4499, 288.5408
788.522705, 419.3772, 809.5499, 422.8818
1129.63183, 421.7136, 1088.745, 421.7136
180.421402, 651.1163, 140.4383, 649.9530
213.286789, 651.4664, 173.3037, 650.3031
387.836365, 557.2227, 366.8090, 588.7636
403.472260, 575.4955, 402.3088, 615.4786
533.859070, 658.8544, 551.3817, 683.3863
571.240906, 711.4227, 594.6045, 732.4499
601.613586, 735.9545, 624.9772, 754.6454
783.557495, 553.7566, 811.0071, 582.8515
1149.49084, 589.9318, 1171.686, 605.1181


filename=: 67.jpg, vehicle number=: 13 
x-pos          , y-pos          , x-pos          , y-pos        
191.903549, 71.75385, 163.5454, 94.62272
404.190887, 149.5272, 436.8999, 148.3590
512.831787, 43.22272, 488.2999, 66.58636
626.145447, 198.5908, 621.4727, 234.8045
648.340881, 94.62272, 640.1636, 129.6681
831.311523, 97.10534, 867.9590, 96.95909
948.412903, 119.8773, 908.4461, 121.5058
911.181763, 60.74545, 950.8999, 61.91363
1067.71814, 87.61363, 1084.072, 58.40908
1123.79089, 253.4954, 1142.481, 224.2908
1216.07727, 148.3590, 1193.881, 184.5727
1224.25451, 93.45454, 1242.945, 63.08181
144.854538, 373.8181, 120.3227, 398.3499


